250

# function ci :2| di :3
240 3
241
# end function ci :2| di :3


# class ci :1| di :0
242 0
010 100 0
030 100 1
010 700 3
030 700 2
243
#     has_function 2 
# end class ci :1| di :0


# function ci :4| di :7
240 7
030 100 8
040 100 8
010 100 1
117 1
040 100 8
050 1
051 1
040 100 8
010 100 2
101
040 700 6
020
040 100 8
010 100 1
101
040 700 6
020
100
241
# end function ci :4| di :7


# function ci :5| di :10
240 10
040 802 5
010 100 100
040 700 6
020
023 700 2 
020
241
# end function ci :5| di :10


# class ci :3| di :4
242 4
022 0
030 802 5
010 700 7
030 700 6
010 700 10
030 700 9
010 100 10
010 100 20
010 100 100
010 100 100
040 802 5
023 100 1 
243
#     has_function 4 5 
# end class ci :3| di :4


010 802 0
010 801 4
022 4
030 801 11


f4 0 1 -1 -1 801 4 802 0 801 11
f4 1 1 0 0 700 3 700 2 100 1
f4 2 0 3 1
f4 3 1 4 0 700 7 700 10 700 9 700 6 802 5
f4 4 0 7 3 100 8
f4 5 0 10 3
251
