
# function ci :1| di :1
240 1
030 100 2
030 100 3
030 100 4
010 100 0
030 100 5
010 100 1536
040 100 3
100
010 300 35.12
101
241
# end function ci :1| di :1


# class ci :2| di :7
242 7
243
#     has_function 
# end class ci :2| di :7


# class ci :3| di :8
242 8
010 100 1
010 100 2
100
243
#     has_function 
# end class ci :3| di :8


010 700 1
030 700 0
040 700 0
020
010 100 1
040 700 0
020
010 100 2
010 100 3
010 100 4
010 100 5
040 700 0
020
040 700 0
020
010 100 1
100
040 700 0
020
030 100 6
010 802 7
010 801 8


f4 0 1 -1 802 7 801 8 700 0 700 1 100 6
f4 1 0 1 100 2 100 3 100 4 100 5
f4 2 1 7
f4 3 1 8
